-7.623648852063136,-0.7369303604548403,0.6419443883976168,-1.7727635254270355,1.0212872856145774,-0.48255439830330893,8.05447967360988,4.383522129772386,-8.421690176631909,-0.8166452942911704,-6.207400768442457,-4.078121840315409,3.2139929469715973,-6.282061236725081,-6.31001425416496,4.763510687453005,4.757701874151444,-0.5978655047557924,-7.408039154080756,9.602154216241201,-1.8128435678831298,8.622442623000284,-4.606459848103757,1.4447012964248356,0.9539998369336868,-0.4483119818280059,1.3926028742081207,2.933239355253133,0.9758757652391203,1.4638206375103442,-5.64320302033952,9.750515543249591,1.1861724210579507,-2.232590456014506,0.5129788153743657,2.565140344631005,0.4088108554597598,-3.620402713786606,-1.0499058087074138,-1.2955619023662996,1.2352588303835814,-9.713110572134909,0.7824216031600679,1.2890655014129457,4.56696003439169,0.05126079226584457,2.9896250962092443,0.03323429585993232
numHidden 	5
numGenes 	48
minGene 	-3.0
maxGene 	3.0
popSize 	40
maxEvaluations 	20000
mutateRate 	0.4
mutateChange 	1.0
tournamentSize 	10
seed 	1582904653690
random 	java.util.Random@3fe013fa
neuralNetworkClass 	class coursework.ExampleEvolutionaryAlgorithm
Training Set Training
Fitness 0.008503496382904213