-1.124691773991427,2.079343237450758,-0.7434709815595019,0.5649086057335116,-0.2394326656609784,1.1838621642045897,-2.3619684505321628,0.8882965575403421,1.8060628485407912,-1.3934415227349601,-1.6764140388875608,0.13310253978770742,-2.9142566925903135,-1.6121169609639805,0.3350546993817738,1.4899803108652137,-0.5526431662381096,2.240534038094229,1.3114875280338714,-1.2563564121500117,-0.23844318133548723,-2.4595433235690622,1.2814326114274657,-0.3975190058125394,-2.6872602069530744,-2.8972626605628693,1.2911828931485352,-1.8268969154910621,-0.2960179643049563,2.422002211997881,-2.5403234714827465,-1.8642921283809786,-0.35024422116634313,1.6737801796380194,2.5584388525872264,-1.6546249106872077,-2.8530551872966607,2.0318428135987197,-2.799644403604131,0.755491687649073,-0.7543186767397785,-1.613234850094732,-0.3821721751958318,-2.6972407075941236,-2.571309477653899,1.0649872722715616,-0.40110271624078764,-1.1192953144355866,0.9183703145894514,-0.5184579001959454,2.3344939015276083,-2.2400035544099244,1.8132760215616535,-0.39471807095172573,-1.1207639879228872,-1.6860899485419787,-1.6150778911499426,2.9703244708488556,2.544135630160388,-1.3220661989142557,-0.8275990182239421,2.570571217529581,2.733581393049607,-1.6596115163908307,2.4801899004802848,-0.9892410245123638,-0.24654872703267758,0.8604610347862148,-0.3047516839226194,1.8659067292791787,-0.9151937503521773,0.4727213453453838,-1.4964504815691895,0.5995056609783403,-1.8907862237237811,-1.274028637552299,-2.3618814430657604,-0.8694186330546545,1.4844552102447799,-1.9816960419836482,-2.369820170265436,-1.0987785903152056,-1.6997453808372085,-0.5149268100928518,-2.4983962625114513,-0.8413616416951946,1.954219751788612,2.184062174138528,1.00585988615456,-0.9575758463034109,-0.06998314016150142,1.5489363782529872,1.6705648437140321,-1.523899397682737,0.9840739233230505,-0.7838530071553534,-2.582680159798603,-3.5939684048446146,-2.1400193177566478,0.8180428921447074,-0.2769171879944741,-0.354061495730878,0.2937557624487728,-1.7131800909343493,1.112358604796336,-2.125148909600169,1.6901546342611358,-0.31646775049847764,2.081521317997092,1.5723435868444344,0.2973186657483753
numHidden 	12
numGenes 	111
minGene 	-3.0
maxGene 	3.0
popSize 	150
maxEvaluations 	20000
mutateRate 	0.15
mutateChange 	0.1
tournamentSize 	30
seed 	1582899653041
random 	java.util.Random@7e1b43d0
neuralNetworkClass 	class coursework.ExampleEvolutionaryAlgorithm
Training Set Training
Fitness 0.014885174021290574