1.6268928384975934,-2.3168552158370677,-1.1166154467115168,-0.44978965217186906,1.9461726830189026,0.8482720847461613,-0.20320185382769265,-0.12537161689561807,3.4453879629917767,2.3220080290363465,2.122755789558949,-0.6796048861336311,-0.2554519194174777,-0.606919454784799,2.527049018845072,-3.402124390145809,-2.42923871963987,-0.5994616801014402,-0.11731301513748935,1.3983823587481596,1.701524123605831,0.2257927074617692,-1.5616494405635735,0.41889263426745715,0.03834150494355271,0.5083469640950343,-2.16707883022938,1.7551413568478984,0.7459203945332589,-0.1735411345861161,1.086249849708802,2.1451665253221726,-2.891542635287118,-1.2554699323826877,0.6862936516149053,0.20902014704502447,-1.734355442427593,1.7770655807082592,-1.102463463160413,-1.650119582547084,0.8795865719339578,1.6545904080642484,1.6372724914704735,-0.01652390656122371,2.4667702482422897,1.0999578726574981,1.216939068745485,1.8428656695028325
numHidden 	5
numGenes 	48
minGene 	-3.0
maxGene 	3.0
popSize 	40
maxEvaluations 	20000
mutateRate 	0.1
mutateChange 	0.15
tournamentSize 	10
seed 	1582904423633
random 	java.util.Random@7e1b43d0
neuralNetworkClass 	class coursework.ExampleEvolutionaryAlgorithm
Training Set Training
Fitness 0.10422231637320055