-2.6040813605833155,-0.2510898746752963,1.7458898352495757,-1.7660078464742524,-1.6115573630216988,-1.9555578799693705,0.48908995793130927,-2.8876955090965546,0.013308235166634347,1.796079891914343,2.4656405254271596,-2.0391927375594796,1.8069521582554002,-2.2545115103230815,-2.443681463872842,0.7889073403323371,0.6231910145039817,1.0589060134026602,2.7676150651821407,-1.4470940029220483,-2.4599616169693306,2.1194357992303,-2.58492932134551,-2.329049393017876,3.9316046768903425,-0.8346489462466278,0.4299157973892105,-2.6558750208198285,-0.8016215279834289,-2.8855128115152056,0.890712308000553,1.3055894894588254,-0.24964122217348003,1.337845923012567,-0.8983862370502029,2.6114793438062485,2.076181911684097,-2.593921653134868,0.19628805759266676,-2.4834334578665502,-3.392444893437991,0.13056550208335121,0.3414607273136854,-2.3555120310670814,1.5019830838214623,-2.1436422268557314,-2.0535337584354236,0.06663851877809607,-2.2820526974484956,2.2372847202680366,-2.5266314863158708,1.445625699031024,0.6453641948907876,1.4000323276770104,0.503587680607898,0.17847689541547393,1.7803267416210877,-0.9754965954403484,1.9730529693543044,2.5915921835883933,2.096800703518452,0.499678049667178,-1.8519934954812736,0.6937258036686273,3.069122013379409,-1.7554722944254975,-2.4886031231605954,-0.7149173176327513,2.4378121978889227,-0.24002970925280995,-3.4350882997499945,1.749908280806769,0.9873999596096726,-0.6168057713631135,-2.6422249208860533,2.1267498772215943,1.30381518979065,-2.002425881108918,-0.2601861843093911,2.054864791291431,2.4484553716603283,-1.9030742075052407,-2.7755265502396202,-0.7629569295572342,-0.43957211460887124,-1.3206699045417551,-2.445112668582445,1.7130875926058575,-0.8468220128774424,0.19380552532275583,2.011023369363939,1.9576133177203014,-2.0002813150719034,2.1486545698843327,1.4783549434851726,-0.7390684015193573,-0.5696183066582768,-1.586642897095727,-0.881573400387453,-3.032921641863838,-2.008584928219775,-2.4935700495285693,-0.9608989938566675,-0.9415008019761134,-0.9927133208853807,-2.340281580205701,-0.6785155442822492,-0.3949137162535591,2.688430024158394,1.7434945902319239,-0.5212981472365249,0.30437412139968156,-3.122660870804681,2.242896364244251,-1.2085428822124438,0.7416108654401262,3.014592729504248,2.820891346518836,-0.6049315428922295,-0.833596637547996,-0.567441109962962,0.08279047942881776,-0.23887931202421295,2.7424239281766956,1.1482035801307753,-0.6718584959118363,-0.4841632432848838,-0.43741816791745813,-1.5724008797524505,0.030671885355054967,-1.375389126530372,0.13917498110835363,1.533397035548437,-0.2183983638577562,2.255847528712566,-1.9628903192514642,-0.6572911540761138,2.2795033639570224,-3.135960192892351,0.9265186387377128,-0.6635003828672094,-1.489779410777625,1.8806466947065341,-0.3914016597661407,0.012783462523977912,2.0009099767795053,-0.3048065669701694,-1.3482715438823543,-3.035429676858674,-1.8921944432078743,2.138449653531992,-0.8164878117642926,-1.5103074611809628,-2.885882104866162,0.7244566840015094,-0.27862537725156267,-2.46440790180031,-2.034987861466896,-2.5093955378421984,-0.2988655809266003,-2.6949302589330713,-1.242833050353474,0.8948747083103952,-0.24524466269135223,-1.5884632848224456,2.8273837178340577,0.2867908726398257,-2.082217226959173,-0.6992437553928927,2.099465772717627,1.0635380321534333,2.013769025498848,1.3293854382969061,-1.5158720041073592,1.0551370100350204,-1.532715265464228,-0.8059182195349346,3.3997485590246823,0.4524775988287849,-0.46108639784752214,0.11746734508379628,-3.0076810097642426,1.199440716651257
numHidden 	20
numGenes 	183
minGene 	-3.0
maxGene 	3.0
popSize 	100
maxEvaluations 	10000
mutateRate 	0.15
mutateChange 	0.1
tournamentSize 	25
seed 	1582560895289
random 	java.util.Random@78f4b32
neuralNetworkClass 	class coursework.ExampleEvolutionaryAlgorithm
Training Set Training
Fitness 0.024116833477562293