2.383671129758177,-3.69959478001688,-1.9493082823396497,6.750799626376271,4.6217905220293884,3.894514643252311,3.4911273831838727,-4.0014495592547465,3.343928495316961,3.967190166739803,4.019570354807462,-5.6520424827971265,0.46615924081744886,-2.180954523470316,3.9112836862314033,-1.7477286765343445,7.744350322284699,0.06287303405919253,-2.21130775431385,5.823796163373352,-2.5184603335808333,-0.47698463489137133,-3.647712461652837,-2.0500214710822835,-0.15631917740614387,-5.158450776156616,-0.24467009212093238,1.6335611303176547,1.704084793392802,1.7997124758164755,-0.0715844207248777,-1.3665579929829068,1.0237536797986642,-4.686816940014682,5.08858806650478,6.263977205306339,1.4722333252575392,1.2357966754013638,-1.3778481574816492,1.206279234158421,0.6067699246678622,-2.0755338791443485,0.14854089590864827,-4.305777904311303,7.56682143735701,-5.657231337587957,-2.0126301188075884,-2.1092728107029965
numHidden 	5
numGenes 	48
minGene 	-3.0
maxGene 	3.0
popSize 	40
maxEvaluations 	20000
mutateRate 	0.4
mutateChange 	1.0
tournamentSize 	10
seed 	1583408016737
random 	java.util.Random@509bf3dd
neuralNetworkClass 	class coursework.ExampleEvolutionaryAlgorithm
Training Set Training
Fitness 0.007373902962193858