-2.724451249033309,2.1554666211192255,-6.043584782703545,-1.661679376804341,1.4967973373395242,-0.2360309486931378,-7.0123570372257,0.19042014870323154,2.0841945118044256,2.9736708021825757,3.766202444857414,1.4857829105976879,-2.537284833698497,-7.933305025239635,-1.924194037231791,4.014798949305784,-3.298942035075272,1.5606156064454417,-1.7043902494511727,-4.855645863791811,-1.2697619560621636,2.225646556158279,-0.9072435919737654,4.144960342169026,-6.530557480820178,-0.49727124470854633,1.4480949764668898,4.429898257963972,-5.513212144162839,2.4533555257539597,-1.1415324873182318,2.089223369461713,-0.7854254974689203,3.0390159483992853,-1.702830024806543,-8.881172982305397,1.2129018388663368,6.812020692841672,-4.246925205353306,-9.082700745683665,0.04614650712346258,-1.7652684271893202,0.3414839393121669,1.080379666690905,1.3959642783129542,-3.148624131626341,0.45718670135351047,2.1132113006396835
numHidden 	5
numGenes 	48
minGene 	-3.0
maxGene 	3.0
popSize 	40
maxEvaluations 	20000
mutateRate 	0.4
mutateChange 	1.0
tournamentSize 	10
seed 	1583408016737
random 	java.util.Random@509bf3dd
neuralNetworkClass 	class coursework.ExampleEvolutionaryAlgorithm
Training Set Training
Fitness 0.0939922573557678